n = 3

Coefficients:
  5.5555555555555555556e-01, 8.8888888888888888889e-01, 5.5555555555555555556e-01

Nodes:
 -7.7459666924148337704e-01, 0.0000000000000000000e+00, 7.7459666924148337704e-01



n = 4

Coefficients:
  3.4785484513745385737e-01, 6.5214515486254614263e-01, 6.5214515486254614263e-01, 3.4785484513745385737e-01

Nodes:
 -8.6113631159405257522e-01, -3.3998104358485626480e-01, 3.3998104358485626480e-01, 8.6113631159405257522e-01



n = 5

Coefficients:
  2.3692688505618908751e-01, 4.7862867049936646804e-01, 5.6888888888888888889e-01, 4.7862867049936646804e-01, 2.3692688505618908751e-01

Nodes:
 -9.0617984593866399280e-01, -5.3846931010568309104e-01, 0.0000000000000000000e+00, 5.3846931010568309104e-01, 9.0617984593866399280e-01



n = 6

Coefficients:
  1.7132449237917034504e-01, 3.6076157304813860757e-01, 4.6791393457269104739e-01, 4.6791393457269104739e-01, 3.6076157304813860757e-01, 1.7132449237917034504e-01

Nodes:
 -9.3246951420315202781e-01, -6.6120938646626451366e-01, -2.3861918608319690863e-01, 2.3861918608319690863e-01, 6.6120938646626451366e-01, 9.3246951420315202781e-01



n = 7

Coefficients:
  1.2948496616886969327e-01, 2.7970539148927666790e-01, 3.8183005050511894495e-01, 4.1795918367346938776e-01, 3.8183005050511894495e-01, 2.7970539148927666790e-01, 1.2948496616886969327e-01

Nodes:
 -9.4910791234275852453e-01, -7.4153118559939443986e-01, -4.0584515137739716691e-01, 0.0000000000000000000e+00, 4.0584515137739716691e-01, 7.4153118559939443986e-01, 9.4910791234275852453e-01



n = 8

Coefficients:
  1.0122853629037625915e-01, 2.2238103445337447054e-01, 3.1370664587788728734e-01, 3.6268378337836198297e-01, 3.6268378337836198297e-01, 3.1370664587788728734e-01, 2.2238103445337447054e-01, 1.0122853629037625915e-01

Nodes:
 -9.6028985649753623168e-01, -7.9666647741362673959e-01, -5.2553240991632898582e-01, -1.8343464249564980494e-01, 1.8343464249564980494e-01, 5.2553240991632898582e-01, 7.9666647741362673959e-01, 9.6028985649753623168e-01



n = 9

Coefficients:
  8.1274388361574411972e-02, 1.8064816069485740406e-01, 2.6061069640293546232e-01, 3.1234707704000284007e-01, 3.3023935500125976316e-01, 3.1234707704000284007e-01, 2.6061069640293546232e-01, 1.8064816069485740406e-01, 8.1274388361574411972e-02

Nodes:
 -9.6816023950762608984e-01, -8.3603110732663579430e-01, -6.1337143270059039731e-01, -3.2425342340380892904e-01, 0.0000000000000000000e+00, 3.2425342340380892904e-01, 6.1337143270059039731e-01, 8.3603110732663579430e-01, 9.6816023950762608984e-01



n = 10

Coefficients:
  6.6671344308688137594e-02, 1.4945134915058059315e-01, 2.1908636251598204400e-01, 2.6926671930999635509e-01, 2.9552422471475287017e-01, 2.9552422471475287017e-01, 2.6926671930999635509e-01, 2.1908636251598204400e-01, 1.4945134915058059315e-01, 6.6671344308688137594e-02

Nodes:
 -9.7390652851717172008e-01, -8.6506336668898451073e-01, -6.7940956829902440623e-01, -4.3339539412924719080e-01, -1.4887433898163121088e-01, 1.4887433898163121088e-01, 4.3339539412924719080e-01, 6.7940956829902440623e-01, 8.6506336668898451073e-01, 9.7390652851717172008e-01



n = 11

Coefficients:
  5.5668567116173666483e-02, 1.2558036946490462463e-01, 1.8629021092773425143e-01, 2.3319376459199047992e-01, 2.6280454451024666218e-01, 2.7292508677790063071e-01, 2.6280454451024666218e-01, 2.3319376459199047992e-01, 1.8629021092773425143e-01, 1.2558036946490462463e-01, 5.5668567116173666483e-02

Nodes:
 -9.7822865814605699280e-01, -8.8706259976809529908e-01, -7.3015200557404932409e-01, -5.1909612920681181593e-01, -2.6954315595234497233e-01, 0.0000000000000000000e+00, 2.6954315595234497233e-01, 5.1909612920681181593e-01, 7.3015200557404932409e-01, 8.8706259976809529908e-01, 9.7822865814605699280e-01



n = 12

Coefficients:
  4.7175336386511827195e-02, 1.0693932599531843096e-01, 1.6007832854334622633e-01, 2.0316742672306592175e-01, 2.3349253653835480876e-01, 2.4914704581340278500e-01, 2.4914704581340278500e-01, 2.3349253653835480876e-01, 2.0316742672306592175e-01, 1.6007832854334622633e-01, 1.0693932599531843096e-01, 4.7175336386511827195e-02

Nodes:
 -9.8156063424671925069e-01, -9.0411725637047485668e-01, -7.6990267419430468704e-01, -5.8731795428661744730e-01, -3.6783149899818019375e-01, -1.2523340851146891547e-01, 1.2523340851146891547e-01, 3.6783149899818019375e-01, 5.8731795428661744730e-01, 7.6990267419430468704e-01, 9.0411725637047485668e-01, 9.8156063424671925069e-01



n = 13

Coefficients:
  4.0484004765315879520e-02, 9.2121499837728447914e-02, 1.3887351021978723846e-01, 1.7814598076194573828e-01, 2.0781604753688850231e-01, 2.2628318026289723841e-01, 2.3255155323087391019e-01, 2.2628318026289723841e-01, 2.0781604753688850231e-01, 1.7814598076194573828e-01, 1.3887351021978723846e-01, 9.2121499837728447914e-02, 4.0484004765315879520e-02

Nodes:
 -9.8418305471858814947e-01, -9.1759839922297796521e-01, -8.0157809073330991279e-01, -6.4234933944034022064e-01, -4.4849275103644685288e-01, -2.3045831595513479407e-01, 0.0000000000000000000e+00, 2.3045831595513479407e-01, 4.4849275103644685288e-01, 6.4234933944034022064e-01, 8.0157809073330991279e-01, 9.1759839922297796521e-01, 9.8418305471858814947e-01



n = 14

Coefficients:
  3.5119460331751863032e-02, 8.0158087159760209806e-02, 1.2151857068790318469e-01, 1.5720316715819353457e-01, 1.8553839747793781374e-01, 2.0519846372129560397e-01, 2.1526385346315779020e-01, 2.1526385346315779020e-01, 2.0519846372129560397e-01, 1.8553839747793781374e-01, 1.5720316715819353457e-01, 1.2151857068790318469e-01, 8.0158087159760209806e-02, 3.5119460331751863032e-02

Nodes:
 -9.8628380869681233884e-01, -9.2843488366357351734e-01, -8.2720131506976499319e-01, -6.8729290481168547015e-01, -5.1524863635815409197e-01, -3.1911236892788976044e-01, -1.0805494870734366207e-01, 1.0805494870734366207e-01, 3.1911236892788976044e-01, 5.1524863635815409197e-01, 6.8729290481168547015e-01, 8.2720131506976499319e-01, 9.2843488366357351734e-01, 9.8628380869681233884e-01



n = 15

Coefficients:
  3.0753241996117268355e-02, 7.0366047488108124709e-02, 1.0715922046717193501e-01, 1.3957067792615431445e-01, 1.6626920581699393355e-01, 1.8616100001556221103e-01, 1.9843148532711157646e-01, 2.0257824192556127288e-01, 1.9843148532711157646e-01, 1.8616100001556221103e-01, 1.6626920581699393355e-01, 1.3957067792615431445e-01, 1.0715922046717193501e-01, 7.0366047488108124709e-02, 3.0753241996117268355e-02

Nodes:
 -9.8799251802048542849e-01, -9.3727339240070590431e-01, -8.4820658341042721620e-01, -7.2441773136017004742e-01, -5.7097217260853884754e-01, -3.9415134707756336990e-01, -2.0119409399743452230e-01, 0.0000000000000000000e+00, 2.0119409399743452230e-01, 3.9415134707756336990e-01, 5.7097217260853884754e-01, 7.2441773136017004742e-01, 8.4820658341042721620e-01, 9.3727339240070590431e-01, 9.8799251802048542849e-01